1.000000000000000000
0.170379837148730673
1.000000000000000000
0.000000000000000000
0.464671354233720468
0.000000000000000000
1.000000000000000000
0.364336432386238696
0.857205357836965387
0.000000000000000000
0.397386871053892088
0.174373644966792030
0.412144643234353736
1.000000000000000000
0.000000000000000000
0.151145722399434024
0.000000000000000000
1.000000000000000000
0.000000000000000000
0.000000000000000000
1.000000000000000000
0.594326011680403776
1.000000000000000000
1.000000000000000000
1.000000000000000000
0.803302573349556348
1.000000000000000000
0.000000000000000000
0.172073875894877992
0.000000000000000000
0.819338369392330068
0.000000000000000000
0.000000000000000000
0.000000000000000000
0.000000000000000000
0.000000000000000000
0.812074923947200378
1.000000000000000000
0.000000000000000000
1.000000000000000000
1.000000000000000000
0.000000000000000000
0.855371061761189044
1.000000000000000000
1.000000000000000000
0.190296399100105540
1.000000000000000000
0.810867642120727705
0.000000000000000000
0.640598218367131711
1.000000000000000000
0.563966641951157532
0.000000000000000000
0.000000000000000000
1.000000000000000000
1.000000000000000000
1.000000000000000000
0.000000000000000000
1.000000000000000000
1.000000000000000000
0.457576179300613117
0.000000000000000000
0.000000000000000000
1.000000000000000000
1.000000000000000000
0.000000000000000000
1.000000000000000000
1.000000000000000000
0.875453459585510907
0.781415423019442779
0.827343449756632321
0.000000000000000000
0.546758239053788841
0.654904667381364991
0.634479591479811589
0.377458387389761341
0.000000000000000000
0.000000000000000000
0.773455759718903790
0.627252644403075599
1.000000000000000000
0.000000000000000000
1.000000000000000000
0.000000000000000000
1.000000000000000000
1.000000000000000000
0.802799144209198068
1.000000000000000000
0.000000000000000000
0.000000000000000000
0.576624422588363328
0.000000000000000000
0.000000000000000000
0.000000000000000000
0.000000000000000000
0.000000000000000000
1.000000000000000000
0.837620350540521197
0.204348343368967927
0.000000000000000000
0.388524156941999155
0.000000000000000000
0.392807614394763749
0.574031723461915111
0.628929284632576469
1.000000000000000000
0.000000000000000000
0.836792177509865898
0.000000000000000000
1.000000000000000000
1.000000000000000000
1.000000000000000000
0.563363709287312164
0.000000000000000000
0.359211753939595979
0.389972260506705526
0.000000000000000000
1.000000000000000000
1.000000000000000000
0.000000000000000000
0.000000000000000000
0.000000000000000000
0.000000000000000000
0.000000000000000000
0.357096126135770131
0.000000000000000000
1.000000000000000000
0.487800252610418095
0.185212086012297661
0.000000000000000000
1.000000000000000000
0.817578154237415200
1.000000000000000000
0.789217274838316496
0.708740864723597097
0.841203805146301664
0.000000000000000000
0.791323951283676053
0.850297018071927813
1.000000000000000000
1.000000000000000000
0.000000000000000000
1.000000000000000000
1.000000000000000000
1.000000000000000000
0.185537200232492872
0.000000000000000000
0.171515462080306103
0.259863051643882237
0.819063698073776658
0.181443654487727951
0.194217630502791644
0.789102373888013964
0.581014155557107781
0.851299050790301437
1.000000000000000000
1.000000000000000000
0.135297666724226828
0.325148433792144420
1.000000000000000000
1.000000000000000000
1.000000000000000000
1.000000000000000000
1.000000000000000000
0.000000000000000000
0.148988255393949359
0.177128283525483488
0.000000000000000000
1.000000000000000000
0.000000000000000000
0.000000000000000000
0.000000000000000000
0.496758174784306283
1.000000000000000000
1.000000000000000000
0.827283532588385273
0.573516058248886074
0.207911425735399169
1.000000000000000000
0.000000000000000000
1.000000000000000000
1.000000000000000000
0.813747511261456391
0.147189889397141588
0.162089201589698612
0.000000000000000000
0.000000000000000000
1.000000000000000000
1.000000000000000000
0.000000000000000000
0.000000000000000000
1.000000000000000000
0.550033986884785442
0.000000000000000000
0.576345247592658927
1.000000000000000000
0.347057201078967759
0.000000000000000000
0.363739481003188536
1.000000000000000000
0.000000000000000000
1.000000000000000000
0.840770754089890993
0.405691368870491897
1.000000000000000000
0.000000000000000000
1.000000000000000000
0.158205746498862626
0.000000000000000000
0.000000000000000000
0.154206312632331477
1.000000000000000000
0.652348301004384568
0.000000000000000000
0.206027568155228324
0.000000000000000000
1.000000000000000000
0.000000000000000000
1.000000000000000000
1.000000000000000000
0.000000000000000000
1.000000000000000000
1.000000000000000000
0.162946940635503995
0.000000000000000000
0.000000000000000000
0.000000000000000000
0.000000000000000000
0.000000000000000000
0.000000000000000000
1.000000000000000000
0.000000000000000000
1.000000000000000000
1.000000000000000000
0.395225988206899970
0.000000000000000000
1.000000000000000000
1.000000000000000000
0.000000000000000000
1.000000000000000000
1.000000000000000000
0.162856169761576935
0.826842806679268683
0.388003562520562839
1.000000000000000000
1.000000000000000000
1.000000000000000000
0.000000000000000000
0.831707362737364009
0.000000000000000000
0.170429097561161480
1.000000000000000000
0.823232311296491104
0.000000000000000000
0.664245228726514036
1.000000000000000000
0.539308299872662156
0.195540160118444190
0.000000000000000000
0.180603759869768954
0.000000000000000000
0.863890084822517945
0.789029774369049308
1.000000000000000000
1.000000000000000000
0.000000000000000000
0.614201664838949335
1.000000000000000000
0.186838766937113099
0.800629454584936062
0.000000000000000000
1.000000000000000000
1.000000000000000000
0.397643232156565829
0.814445189420830884
0.862818538552515002
1.000000000000000000
0.589302276901171429
0.332838744228063144
1.000000000000000000
1.000000000000000000
0.000000000000000000
0.696470966224896237
0.221709547861751011
1.000000000000000000
1.000000000000000000
1.000000000000000000
0.000000000000000000
0.000000000000000000
0.627574700840593191
0.365759580975857646
1.000000000000000000
1.000000000000000000
0.276794463594445816
1.000000000000000000
0.178025395392438307
0.196785403737142400
1.000000000000000000
1.000000000000000000
0.000000000000000000
0.000000000000000000
1.000000000000000000
0.204766487059520663
1.000000000000000000
0.000000000000000000
0.000000000000000000
0.417330338084840824
0.000000000000000000
0.000000000000000000
0.000000000000000000
0.702320590546326451
0.422902347706472503
1.000000000000000000
1.000000000000000000
1.000000000000000000
1.000000000000000000
1.000000000000000000
1.000000000000000000
0.823551966199030816
1.000000000000000000
0.353152853829176772
0.000000000000000000
1.000000000000000000
1.000000000000000000
1.000000000000000000
0.427730893494110975
1.000000000000000000
1.000000000000000000
1.000000000000000000
1.000000000000000000
1.000000000000000000
1.000000000000000000
1.000000000000000000
0.824631386564446900
0.819808906121260450
0.000000000000000000
0.825683143361838456
0.000000000000000000
0.811220048261271476
1.000000000000000000
0.190039135800172926
0.429284829831112158
1.000000000000000000
0.618290407137250808
1.000000000000000000
0.205615611620112410
0.585402700356524197
0.777755286882291785
0.355042061473251624
0.240910239229030043
0.369962396089910106
0.000000000000000000
1.000000000000000000
1.000000000000000000
1.000000000000000000
0.000000000000000000
1.000000000000000000
1.000000000000000000
0.429260628765436358
0.000000000000000000
0.000000000000000000
0.000000000000000000
1.000000000000000000
0.232310778564836340
0.339353396052688550
1.000000000000000000
0.596153451719015459
1.000000000000000000
0.000000000000000000
0.803093175307323492
0.201458117099169581
0.158368222281108029
1.000000000000000000
1.000000000000000000
0.636588894859270171
0.560397807572090678
1.000000000000000000
0.209477449996643833
0.000000000000000000
1.000000000000000000
0.772785106776973985
0.175873648764409307
0.391527703155110762
1.000000000000000000
0.806763477850249933
0.000000000000000000
0.604097066899125013
0.818400595200189040
0.000000000000000000
1.000000000000000000
1.000000000000000000
0.399022059089807035
0.000000000000000000
0.000000000000000000
0.000000000000000000
1.000000000000000000
0.164700783693937702
0.754309699861326344
1.000000000000000000
0.000000000000000000
0.000000000000000000
1.000000000000000000
1.000000000000000000
1.000000000000000000
1.000000000000000000
0.000000000000000000
1.000000000000000000
0.171645105313516316
0.813353835325178909
1.000000000000000000
0.000000000000000000
0.826408834010595506
0.290568531979572164
1.000000000000000000
0.000000000000000000
0.000000000000000000
0.806037652239621760
1.000000000000000000
0.000000000000000000
0.000000000000000000
1.000000000000000000
0.856059089475979529
0.825873454414619568
0.000000000000000000
1.000000000000000000
0.000000000000000000
0.000000000000000000
0.354794187769664371
0.813400877451721294
0.000000000000000000
0.000000000000000000
0.809683595061936656
0.000000000000000000
0.166313777850548961
0.796054186018160359
1.000000000000000000
1.000000000000000000
1.000000000000000000
1.000000000000000000
0.000000000000000000
0.000000000000000000
0.161012832397305850
1.000000000000000000
0.813685509350095981
0.778880578204005913
0.000000000000000000
0.000000000000000000
1.000000000000000000
0.000000000000000000
0.000000000000000000
1.000000000000000000
1.000000000000000000
0.000000000000000000
0.482698926976494080
1.000000000000000000
0.632565144704256288
1.000000000000000000
0.195141742495127862
0.369105236245052259
0.000000000000000000
0.000000000000000000
1.000000000000000000
1.000000000000000000
1.000000000000000000
0.000000000000000000
0.163304784016707255
0.162597535818400224
0.000000000000000000
1.000000000000000000
0.000000000000000000
1.000000000000000000
0.000000000000000000
0.385317905099685443
0.648969483418909365
0.199426270177207016
0.000000000000000000
0.000000000000000000
1.000000000000000000
0.544936570435716972
0.864246214156447201
0.000000000000000000
0.165126599903467980
0.289623288425537251
0.000000000000000000
1.000000000000000000
1.000000000000000000
0.000000000000000000
0.835627849653649890
1.000000000000000000
0.000000000000000000
0.000000000000000000
0.000000000000000000
0.000000000000000000
1.000000000000000000
0.625951774332599076
1.000000000000000000
0.561844930879146998
0.000000000000000000
0.224100334990796124
1.000000000000000000
